%YAML:1.0
---
Camera Matrix1: !!opencv-matrix
   rows: 3
   cols: 3
   dt: d
   data: [ 6.7630388780355861e+03, 0., 6.4298618267736015e+02, 0.,
       6.7648881003074657e+03, 4.9098941626994775e+02, 0., 0., 1. ]
Camera Matrix2: !!opencv-matrix
   rows: 3
   cols: 3
   dt: d
   data: [ 6.7487628607794704e+03, 0., 6.2885114213249688e+02, 0.,
       6.7491823980474983e+03, 4.7246247152459893e+02, 0., 0., 1. ]
Dist Coeffs1: !!opencv-matrix
   rows: 1
   cols: 5
   dt: d
   data: [ -2.4471493421139301e-01, 9.5082804069385696e-01,
       -8.9707983993446471e-04, -1.0063241811916720e-03,
       -6.3941893286949203e-01 ]
Dist Coeffs2: !!opencv-matrix
   rows: 1
   cols: 5
   dt: d
   data: [ -2.5346011866766610e-01, 3.3358395200698405e+00,
       -9.8381602979019417e-04, -1.8069171616024533e-03,
       1.9510685418519183e-01 ]
Rotation Matrix: !!opencv-matrix
   rows: 3
   cols: 3
   dt: d
   data: [ 3.0473577611551794e-02, 3.1297775359449165e-02,
       9.9904544957929808e-01, -1.7609316914611886e-02,
       9.9937133567201419e-01, -3.0770853009537143e-02,
       -9.9938044458822251e-01, -1.6654809956382993e-02,
       3.1005552405388184e-02 ]
translation Vector: [ -1.9135857078028559e+03, 5.2266009825072160e+01,
    1.8566162939056819e+03 ]
Essential Matrix: !!opencv-matrix
   rows: 3
   cols: 3
   dt: d
   data: [ -1.9539883427615663e+01, -1.8563195859317614e+03,
       5.8750203581535160e+01, -1.8558223946944802e+03,
       2.6237553396645879e+01, 1.9141758419867356e+03,
       3.2104204865121922e+01, -1.9140185145642567e+03,
       6.6665452525475430e+00 ]
Fundamental Matrix: !!opencv-matrix
   rows: 3
   cols: 3
   dt: d
   data: [ 1.9561374114593419e-08, 1.8578532408540265e-06,
       -1.3225308805679108e-03, 1.8577480098274216e-06,
       -2.6257598044678831e-08, -1.4140692235523956e-02,
       -1.1069193688333506e-03, 1.1772021648235017e-02, 1. ]
Rectification Matrix1: !!opencv-matrix
   rows: 3
   cols: 3
   dt: d
   data: [ 7.1798960361060160e-01, 1.4466817897700502e-02,
       6.9590347052375434e-01, -1.1767981642589638e-02,
       9.9989338483128742e-01, -8.6448585118882228e-03,
       -6.9595434025167968e-01, -1.9824607299175996e-03,
       7.1808330027532563e-01 ]
Rectification Matrix2: !!opencv-matrix
   rows: 3
   cols: 3
   dt: d
   data: [ 7.1757168669984150e-01, -1.9599126746340113e-02,
       -6.9620883984442872e-01, 2.2299219481373325e-02,
       9.9973802331720241e-01, -5.1603821887598609e-03,
       6.9612758834660904e-01, -1.1821969573358975e-02,
       7.1782074487865033e-01 ]
Projection Matrix1: !!opencv-matrix
   rows: 3
   cols: 4
   dt: d
   data: [ 6.7570352491774820e+03, 0., 6.3493713378906250e+02, 0., 0.,
       6.7570352491774820e+03, 5.4861457061767578e+02, 0., 0., 0., 1.,
       0. ]
Projection Matrix2: !!opencv-matrix
   rows: 3
   cols: 4
   dt: d
   data: [ 6.7570352491774820e+03, 0., 6.3493713378906250e+02,
       -1.8019337049672101e+07, 0., 6.7570352491774820e+03,
       5.4861457061767578e+02, 0., 0., 0., 1., 0. ]
Disparity matrix: !!opencv-matrix
   rows: 4
   cols: 4
   dt: d
   data: [ 1., 0., 0., -6.3493713378906250e+02, 0., 1., 0.,
       -5.4861457061767578e+02, 0., 0., 0., 6.7570352491774820e+03, 0.,
       0., 3.7498800486116885e-04, 0. ]
