%YAML:1.0
---
Camera Matrix: !!opencv-matrix
   rows: 3
   cols: 3
   dt: d
   data: [ 6.7487628607794704e+03, 0., 6.2885114213249688e+02, 0.,
       6.7491823980474983e+03, 4.7246247152459893e+02, 0., 0., 1. ]
Dist Coeffs: !!opencv-matrix
   rows: 1
   cols: 5
   dt: d
   data: [ -2.5346011866766610e-01, 3.3358395200698405e+00,
       -9.8381602979019417e-04, -1.8069171616024533e-03,
       1.9510685418519183e-01 ]
board_width: 19
board_height: 19
square_size: 8.1555557250976562e+00
