%YAML:1.0
---
Camera Matrix: !!opencv-matrix
   rows: 3
   cols: 3
   dt: d
   data: [ 6.7630388780355861e+03, 0., 6.4298618267736015e+02, 0.,
       6.7648881003074657e+03, 4.9098941626994775e+02, 0., 0., 1. ]
Dist Coeffs: !!opencv-matrix
   rows: 1
   cols: 5
   dt: d
   data: [ -2.4471493421139301e-01, 9.5082804069385696e-01,
       -8.9707983993446471e-04, -1.0063241811916720e-03,
       -6.3941893286949203e-01 ]
board_width: 19
board_height: 19
square_size: 8.1555557250976562e+00
