%YAML:1.0
---
K1: !!opencv-matrix
   rows: 3
   cols: 3
   dt: d
   data: [ 6.7652434338701769e+03, 0., 6.4910202923885743e+02, 0.,
       6.7674557054834422e+03, 4.9622387933780533e+02, 0., 0., 1. ]
K2: !!opencv-matrix
   rows: 3
   cols: 3
   dt: d
   data: [ 6.7726651675264784e+03, 0., 6.1884476017995860e+02, 0.,
       6.7761584133673723e+03, 4.7603855810803526e+02, 0., 0., 1. ]
D1: !!opencv-matrix
   rows: 1
   cols: 5
   dt: d
   data: [ -2.6517943280322431e-01, 4.0682677371953000e+00,
       -8.3706265959731933e-04, -7.2016042235179846e-04,
       4.4316756571823851e-02 ]
D2: !!opencv-matrix
   rows: 1
   cols: 5
   dt: d
   data: [ -2.7030900402800262e-01, 4.0550922260265976e+00,
       -7.3294875221563654e-04, -1.2652020479622396e-03,
       2.3612751159336795e-01 ]
R: !!opencv-matrix
   rows: 3
   cols: 3
   dt: d
   data: [ 2.6479174072553469e-01, 9.7594413981774188e-03,
       9.6425623531670090e-01, -1.2078328810123575e-04,
       9.9994911229435424e-01, -1.0087528593781580e-02,
       -9.6430561517339453e-01, 2.5546282172923592e-03,
       2.6477944485879729e-01 ]
T: [ -1.8403190609177668e+03, 1.2580503444513624e+01,
    1.4079077532177084e+03 ]
E: !!opencv-matrix
   rows: 3
   cols: 3
   dt: d
   data: [ -1.1961398385475862e+01, -1.4078039695132991e+03,
       1.7533368436072919e+01, -1.4018276593981373e+03,
       1.8441724213409366e+01, 1.8448624891037718e+03,
       -3.1089336189433214e+00, -1.8403481899892270e+03,
       6.4334422588937414e+00 ]
F: !!opencv-matrix
   rows: 3
   cols: 3
   dt: d
   data: [ 3.0993241930804267e-08, 3.6465757798844878e-06,
       -2.1369861955349919e-03, 3.6304104668359996e-06,
       -4.7744201625956602e-08, -3.4655582235410029e-02,
       -1.6928376627982037e-03, 3.0051202815497325e-02, 1. ]
R1: !!opencv-matrix
   rows: 3
   cols: 3
   dt: d
   data: [ 7.9622134829131330e-01, 7.6988963707344733e-04,
       6.0500493534772914e-01, 1.1594486222400132e-03,
       9.9999541222420318e-01, -2.7984298165993600e-03,
       -6.0500431420284562e-01, 2.9296417004086883e-03,
       7.9621680275880380e-01 ]
R2: !!opencv-matrix
   rows: 3
   cols: 3
   dt: d
   data: [ 7.9422013181611029e-01, -5.4293243580459992e-03,
       -6.0760587937824917e-01, 7.3680056432610299e-03,
       9.9997261395079440e-01, 6.9558698698426861e-04,
       6.0758546288636739e-01, -5.0292927366297384e-03,
       7.9423838455700946e-01 ]
P1: !!opencv-matrix
   rows: 3
   cols: 4
   dt: d
   data: [ 6.7718070594254077e+03, 0., 6.4806463623046875e+02, 0., 0.,
       6.7718070594254077e+03, 4.9675199127197266e+02, 0., 0., 0., 1.,
       0. ]
P2: !!opencv-matrix
   rows: 3
   cols: 4
   dt: d
   data: [ 6.7718070594254077e+03, 0., 6.4806463623046875e+02,
       -1.5691223514847292e+07, 0., 6.7718070594254077e+03,
       4.9675199127197266e+02, 0., 0., 0., 1., 0. ]
Q: !!opencv-matrix
   rows: 4
   cols: 4
   dt: d
   data: [ 1., 0., 0., -6.4806463623046875e+02, 0., 1., 0.,
       -4.9675199127197266e+02, 0., 0., 0., 6.7718070594254077e+03, 0.,
       0., 4.3156654119532573e-04, 0. ]
