%YAML:1.0
---
K: !!opencv-matrix
   rows: 3
   cols: 3
   dt: d
   data: [ 6.7652434338701769e+03, 0., 6.4910202923885743e+02, 0.,
       6.7674557054834422e+03, 4.9622387933780533e+02, 0., 0., 1. ]
D: !!opencv-matrix
   rows: 1
   cols: 5
   dt: d
   data: [ -2.6517943280322431e-01, 4.0682677371953000e+00,
       -8.3706265959731933e-04, -7.2016042235179846e-04,
       4.4316756571823851e-02 ]
board_width: 19
board_height: 19
square_size: 8.1555557250976562e+00
