%YAML:1.0
---
K: !!opencv-matrix
   rows: 3
   cols: 3
   dt: d
   data: [ 6.7726651675264784e+03, 0., 6.1884476017995860e+02, 0.,
       6.7761584133673723e+03, 4.7603855810803526e+02, 0., 0., 1. ]
D: !!opencv-matrix
   rows: 1
   cols: 5
   dt: d
   data: [ -2.7030900402800262e-01, 4.0550922260265976e+00,
       -7.3294875221563654e-04, -1.2652020479622396e-03,
       2.3612751159336795e-01 ]
board_width: 19
board_height: 19
square_size: 8.1555557250976562e+00
